SIZES
  nstack                1835008
  nbuffer               407664
  nplugin               0
  maxuse_stack          763
  maxuse_arena          22684
  maxuse_con            5
  maxuse_efc            29
  solver_iter           1
  solver_nnz            196
  nbodypair_broad       4
  nbodypair_narrow      1
  ngeompair_mid         4
  ngeompair_narrow      1
  ne                    7
  nf                    0
  nefc                  13
  nnzJ                  182
  ncon                  1

TIMER
    0:  duration =  0.069      number = 1
    1:  duration =  0.066      number = 1
    2:  duration =  0          number = 0
    3:  duration =  0.053      number = 1
    4:  duration =  0.003      number = 1
    5:  duration =  0.00048    number = 1
    6:  duration =  0.001      number = 1
    7:  duration =  0.007      number = 1
    8:  duration =  0.0059     number = 1
    9:  duration =  0.002      number = 1
    10:  duration =  0.037      number = 1
    11:  duration =  0.0083     number = 1
    12:  duration =  0.00016    number = 1

SOLVER STAT
  solver_iter = 1
  solver_nnz = 196
    0:  improvement = -9.7e-14   gradient =  1.5e-15   lineslope =  0       
        nactive = 13   nchange = 0   neval = 2   nupdate = 0
solver_fwdinv =   0         0       

ENERGY =   0         0       

TIME =  31      

QPOS
   0.0049  
  -1.2     
   1.6     
  -1.6     
  -1.6     
   4.2e-07 
   0.0029  
   0.0027  
   0.0071  
  -0.013   
   0.0029  
   0.0027  
   0.0071  
  -0.013   

QVEL
  -2.5e-05 
   2.2e-06 
  -1e-08   
  -1.1e-08 
   2.3e-10 
   6.9e-13 
  -2.7e-10 
  -3e-10   
  -5.5e-10 
   6.3e-10 
  -2.7e-10 
  -8.5e-14 
  -4.6e-10 
   8.6e-10 

QACC_WARMSTART
   8.1e-06 
  -1.2e-07 
  -5.4e-07 
  -2e-07   
  -1.7e-06 
   1.6e-08 
   2.7e-08 
  -3e-05   
  -1.3e-05 
   1.1e-05 
  -3.3e-08 
   3e-05   
   1.3e-05 
  -9.7e-06 

CTRL
   0       
  -1.6     
   1.6     
  -1.6     
  -1.6     
   0       
   0       

QFRC_APPLIED
   0       
   0       
   0       
   0       
   0       
   0       
   0       
   0       
   0       
   0       
   0       
   0       
   0       
   0       

XFRC_APPLIED
   0         0         0         0         0         0       
   0         0         0         0         0         0       
   0         0         0         0         0         0       
   0         0         0         0         0         0       
   0         0         0         0         0         0       
   0         0         0         0         0         0       
   0         0         0         0         0         0       
   0         0         0         0         0         0       
   0         0         0         0         0         0       
   0         0         0         0         0         0       
   0         0         0         0         0         0       
   0         0         0         0         0         0       
   0         0         0         0         0         0       
   0         0         0         0         0         0       
   0         0         0         0         0         0       
   0         0         0         0         0         0       
   0         0         0         0         0         0       
   0         0         0         0         0         0       
   0         0         0         0         0         0       
   0         0         0         0         0         0       
   0         0         0         0         0         0       
   0         0         0         0         0         0       
   0         0         0         0         0         0       
   0         0         0         0         0         0       
   0         0         0         0         0         0       

QACC
   8.1e-06 
  -1.2e-07 
  -5.4e-07 
  -2e-07   
  -1.7e-06 
   1.6e-08 
   2.7e-08 
  -3e-05   
  -1.3e-05 
   1.1e-05 
  -3.3e-08 
   3e-05   
   1.3e-05 
  -9.7e-06 

XPOS
   0         0         0       
   0         0         0       
   0         0         0       
   0         0         0.16    
  -0.14     -0.00068   0.16    
  -0.0078    0.16      0.56    
  -0.0095    0.52      0.41    
  -0.14      0.52      0.41    
  -0.14      0.61      0.37    
  -0.14      0.57      0.28    
  -0.14      0.57      0.27    
  -0.14      0.57      0.27    
  -0.11      0.55      0.22    
  -0.075     0.55      0.22    
  -0.12      0.55      0.21    
  -0.069     0.53      0.18    
  -0.088     0.53      0.16    
  -0.088     0.53      0.16    
  -0.17      0.55      0.22    
  -0.2       0.55      0.22    
  -0.15      0.55      0.21    
  -0.2       0.53      0.18    
  -0.19      0.53      0.16    
  -0.19      0.53      0.16    
   0         0         0.6     

XQUAT
   1         0         0         0       
   1         0         0         0       
   0.71      0         0         0.71    
   0.71      0         0         0.71    
   0.69     -0.13      0.13      0.7     
   0.39     -0.59      0.59      0.39    
   0.39     -0.59      0.59      0.39    
   0.56     -0.83     -0.002     0.0014  
   0.56     -0.83     -0.002     0.0014  
   0.2       0.98      0.0024    0.00048 
   0.2       0.98      0.0024    0.00048 
   0.14      0.69      0.7      -0.14    
   0.14      0.69      0.7      -0.14    
   0.14      0.69      0.69     -0.14    
   0.14      0.69      0.69     -0.14    
   0.14      0.69      0.7      -0.14    
   0.14      0.69      0.7      -0.14    
   0.14      0.69      0.7      -0.14    
   0.14      0.7      -0.69      0.14    
   0.14      0.7      -0.69      0.14    
   0.14      0.7      -0.69      0.14    
   0.14      0.69     -0.69      0.14    
   0.14      0.69     -0.69      0.14    
   0.14      0.69     -0.69      0.14    
   1         0         0         0       

XMAT
   1         0         0         0         1         0         0         0         1       
   1         0         0         0         1         0         0         0         1       
   0        -1         0         1         0         0         0         0         1       
  -0.0049   -1         0         1        -0.0049    0         0         0         1       
  -0.0045   -1        -0.0018    0.93     -0.0049    0.37     -0.37     -8.3e-17   0.93    
   0.0019   -1        -0.0045   -0.38     -0.0049    0.92     -0.93     -5.6e-17  -0.38    
   0.0019   -1        -0.0045   -0.38     -0.0049    0.92     -0.92     -1.7e-16  -0.38    
   1         0.0019   -0.0045    0.0049   -0.38      0.92      9.3e-07  -0.92     -0.38    
   1         0.0019   -0.0045    0.0049   -0.38      0.92      1.1e-06  -0.92     -0.38    
   1         0.0045    0.0019    0.0049   -0.92     -0.38      1.1e-06   0.38     -0.92    
   1         0.0045    0.0019    0.0049   -0.92     -0.38      1.1e-06   0.38     -0.92    
  -0.0045    1         0.0019    0.92      0.0049   -0.38     -0.38      1.1e-06  -0.92    
  -0.0045    1        -0.001     0.92      0.0038   -0.38     -0.38     -0.0027   -0.92    
  -0.0045    1        -0.0037    0.92      0.0028   -0.38     -0.38     -0.0052   -0.92    
  -0.0045    1        -0.0053    0.92      0.0022   -0.38     -0.38     -0.0066   -0.92    
  -0.0045    1         0.0075    0.92      0.007    -0.38     -0.38      0.0052   -0.92    
  -0.0045    1         0.0075    0.92      0.007    -0.38     -0.38      0.0052   -0.92    
  -0.0045    1         0.0075    0.92      0.007    -0.38     -0.38      0.0052   -0.92    
   0.0045   -1         0.0048   -0.92     -0.006    -0.38      0.38     -0.0027   -0.92    
   0.0045   -1         0.0075   -0.92     -0.007    -0.38      0.38     -0.0052   -0.92    
   0.0045   -1         0.009    -0.92     -0.0076   -0.38      0.38     -0.0066   -0.92    
   0.0045   -1        -0.0037   -0.92     -0.0027   -0.38      0.38      0.0052   -0.92    
   0.0045   -1        -0.0037   -0.92     -0.0027   -0.38      0.38      0.0052   -0.92    
   0.0045   -1        -0.0037   -0.92     -0.0027   -0.38      0.38      0.0052   -0.92    
   1         0         0         0         1         0         0         0         1       

XIPOS
   0         0         0       
   0         0         0       
   0         0         0       
   0         0         0.16    
  -0.14      0.078     0.36    
  -0.0087    0.34      0.48    
  -0.14      0.52      0.41    
  -0.14      0.61      0.37    
  -0.14      0.58      0.3     
  -0.14      0.48      0.32    
  -0.14      0.57      0.27    
  -0.14      0.56      0.24    
  -0.088     0.55      0.22    
  -0.072     0.54      0.2     
  -0.11      0.54      0.19    
  -0.08      0.53      0.17    
  -0.09      0.52      0.15    
  -0.093     0.52      0.15    
  -0.19      0.55      0.22    
  -0.2       0.54      0.2     
  -0.17      0.54      0.19    
  -0.19      0.53      0.17    
  -0.18      0.52      0.15    
  -0.18      0.52      0.15    
   0         0         0.6     

XIMAT
   1         0         0         0         1         0         0         0         1       
   1         0         0         0         1         0         0         0         1       
   0        -1         0         1         0         0         0         0         1       
  -0.0049   -1         0         1        -0.0049    0         0         0         1       
  -0.0045   -1        -0.0018    0.93     -0.0049    0.37     -0.37     -8.3e-17   0.93    
   0.0019   -1        -0.0045   -0.38     -0.0049    0.92     -0.93     -5.6e-17  -0.38    
   0.0019   -1        -0.0045   -0.38     -0.0049    0.92     -0.92     -1.7e-16  -0.38    
   1         0.0019   -0.0045    0.0049   -0.38      0.92      9.3e-07  -0.92     -0.38    
   0.0019   -1        -0.0045   -0.38     -0.0049    0.92     -0.92     -1.1e-06  -0.38    
   1        -0.0019    0.0045    0.0049    0.38     -0.92      1.1e-06   0.92      0.38    
  -0.00097  -0.003     1        -0.38      0.92      0.0024   -0.92     -0.38     -0.0021  
  -0.0045    1         0.0049    0.92      0.0061   -0.38     -0.38      0.0028   -0.92    
  -0.0045   -0.073    -1         0.92     -0.38      0.024    -0.38     -0.92      0.069   
   0.99      0.0045    0.13      0.052    -0.92     -0.38      0.11      0.38     -0.92    
   0.76      0.0045    0.65      0.25     -0.92     -0.29      0.59      0.38     -0.71    
  -0.0045    0.95     -0.32      0.92     -0.12     -0.36     -0.38     -0.29     -0.88    
   1         0.0045    0.0075    0.007    -0.92     -0.38      0.0052    0.38     -0.92    
   1         0.0045    0.0075    0.007    -0.92     -0.38      0.0052    0.38     -0.92    
   0.0045    0.076     1        -0.92     -0.38      0.033     0.38     -0.92      0.069   
  -0.99     -0.0045   -0.12      0.042     0.92     -0.38      0.11     -0.38     -0.92    
  -0.77     -0.0045   -0.64      0.24      0.92     -0.3       0.59     -0.38     -0.71    
   0.0045   -0.95      0.32     -0.92     -0.13     -0.36      0.38     -0.29     -0.88    
  -1        -0.0045   -0.0037   -0.0027    0.92     -0.38      0.0052   -0.38     -0.92    
  -1        -0.0045   -0.0037   -0.0027    0.92     -0.38      0.0052   -0.38     -0.92    
   1         0         0         0         1         0         0         0         1       

XANCHOR
   0         0         0.16    
  -0.14     -0.00068   0.16    
  -0.0078    0.16      0.56    
  -0.0095    0.52      0.41    
  -0.14      0.52      0.41    
  -0.14      0.61      0.37    
  -0.11      0.55      0.22    
  -0.075     0.55      0.22    
  -0.12      0.55      0.21    
  -0.087     0.53      0.17    
  -0.17      0.55      0.22    
  -0.2       0.55      0.22    
  -0.15      0.55      0.21    
  -0.19      0.53      0.17    

XAXIS
   0         0         1       
  -1        -0.0049    0       
  -1        -0.0049   -8.3e-17 
  -1        -0.0049   -8.3e-17 
  -0.0045    0.92     -0.38    
   0.0019   -0.38     -0.92    
  -0.0045    0.92     -0.38    
  -0.0045    0.92     -0.38    
  -0.0045    0.92     -0.38    
  -0.0045    0.92     -0.38    
   0.0045   -0.92      0.38    
   0.0045   -0.92      0.38    
   0.0045   -0.92      0.38    
   0.0045   -0.92      0.38    

GEOM_XPOS
   0         0         0       
   3.7e-07   6.7e-07   0.094   
  -5e-07     1.5e-07   0.031   
   0.0084    0.0002    0.21    
  -0.069    -0.00034   0.16    
  -0.00056  -5.3e-05   0.14    
   0         0         0.12    
  -0.14      0.078     0.36    
  -0.11      0.11      0.44    
  -0.12      0.079     0.36    
  -0.18      0.078     0.36    
  -0.098    -0.00048   0.16    
  -0.14      0.074     0.35    
   0.03      0.52      0.41    
  -0.0083    0.35      0.48    
  -0.026     0.39      0.46    
  -0.02      0.31      0.5     
  -0.088     0.16      0.56    
  -0.0087    0.34      0.48    
  -0.14      0.57      0.39    
  -0.14      0.48      0.42    
  -0.12      0.53      0.4     
  -0.06      0.52      0.41    
  -0.14      0.59      0.33    
  -0.14      0.63      0.41    
  -0.14      0.6       0.36    
  -0.14      0.56      0.39    
  -0.14      0.6       0.35    
  -0.14      0.58      0.3     
  -0.14      0.58      0.3     
  -0.14      0.57      0.27    
  -0.14      0.57      0.27    
  -0.14      0.56      0.24    
  -0.14      0.56      0.24    
  -0.088     0.55      0.22    
  -0.088     0.55      0.22    
  -0.072     0.54      0.2     
  -0.072     0.54      0.2     
  -0.11      0.54      0.19    
  -0.11      0.54      0.19    
  -0.08      0.53      0.17    
  -0.08      0.53      0.17    
  -0.09      0.52      0.14    
  -0.09      0.52      0.16    
  -0.09      0.52      0.15    
  -0.093     0.52      0.15    
  -0.19      0.55      0.22    
  -0.19      0.55      0.22    
  -0.2       0.54      0.2     
  -0.2       0.54      0.2     
  -0.17      0.54      0.19    
  -0.17      0.54      0.19    
  -0.19      0.53      0.17    
  -0.19      0.53      0.17    
  -0.18      0.52      0.14    
  -0.18      0.52      0.16    
  -0.18      0.52      0.15    
  -0.18      0.52      0.15    
   0         0         0.6     

GEOM_XMAT
   1         0         0         0         1         0         0         0         1       
   2e-06     0.28      0.96     -1.1e-05  -0.96      0.28      1        -1.1e-05   1.1e-06 
   1.9e-05   0.79     -0.61      9.9e-06   0.61      0.79      1        -2.1e-05   3.7e-06 
   0.32     -0.15      0.93      0.003    -0.99     -0.16      0.95      0.055    -0.32    
  -1         0.0048   -0.00081  -0.0049   -0.99      0.17      1.6e-05   0.17      0.99    
  -0.74     -0.68      0.029    -0.0056    0.049     1        -0.68      0.74     -0.04    
  -0.0049   -1         0         1        -0.0049    0         0         0         1       
   0.34     -0.94     -0.0021    0.87      0.32      0.37     -0.35     -0.13      0.93    
  -0.0041   -0.98      0.17      0.93      0.061     0.37     -0.37      0.16      0.91    
  -1         0.0064    0.0076   -0.0031   -0.93      0.37      0.0094    0.37      0.93    
  -1         0.005    -0.0015   -0.0052   -0.93      0.37      0.00049   0.37      0.93    
  -0.0045   -0.0018    1         0.93      0.37      0.0049   -0.37      0.93      1.1e-16 
  -0.0045   -1        -0.0018    0.93     -0.0049    0.37     -0.37     -8.3e-17   0.93    
  -0.95     -0.048    -0.31     -0.29      0.51      0.81      0.12      0.86     -0.49    
  -0.97     -0.24     -0.0039   -0.094     0.37      0.92     -0.22      0.9      -0.38    
  -0.0031   -0.99     -0.15     -0.38     -0.14      0.91     -0.92      0.06     -0.38    
  -1        -0.0011   -0.025    -0.023     0.38      0.92      0.0084    0.92     -0.38    
   0.0019   -0.0045    1        -0.38      0.92      0.0049   -0.93     -0.38     -1.1e-16 
   0.0019   -1        -0.0045   -0.38     -0.0049    0.92     -0.93     -5.6e-17  -0.38    
  -0.0044    0.92     -0.39      0.92     -0.15     -0.35     -0.38     -0.36     -0.85    
   0.3       0.072     0.95      0.88      0.36     -0.31     -0.37      0.93      0.045   
   0.51     -0.0021    0.86      0.8       0.38     -0.47     -0.33      0.92      0.2     
   0.0019   -0.0045    1        -0.38      0.92      0.0049   -0.92     -0.38      2.9e-16 
   0.0019   -0.99      0.17     -0.38      0.16      0.91     -0.92     -0.068    -0.38    
   0.0028   -0.99      0.11     -0.65      0.08      0.76     -0.76     -0.071    -0.64    
  -0.0046   -1         0.0022    0.93     -0.0051   -0.37      0.37      0.00037   0.93    
   1         0.0019   -0.0045    0.0049   -0.38      0.92      9.3e-07  -0.92     -0.38    
   1        -0.0045   -0.0019    0.0049    0.92      0.38      9.3e-07  -0.38      0.92    
   0.0024   -0.98      0.22     -0.39      0.2       0.9      -0.92     -0.087    -0.38    
   1        -0.0045   -0.0019    0.0049    0.92      0.38      1.1e-06  -0.38      0.92    
  -0.00097  -0.003     1        -0.38      0.92      0.0024   -0.92     -0.38     -0.0021  
  -0.00097  -0.003     1        -0.38      0.92      0.0024   -0.92     -0.38     -0.0021  
  -0.0045    1         0.0049    0.92      0.006    -0.38     -0.38      0.0028   -0.92    
  -0.0045    1         0.0049    0.92      0.006    -0.38     -0.38      0.0028   -0.92    
  -0.0045   -0.073    -1         0.92     -0.38      0.024    -0.38     -0.92      0.069   
  -0.0045   -0.073    -1         0.92     -0.38      0.024    -0.38     -0.92      0.069   
   0.99      0.0045    0.13      0.052    -0.92     -0.38      0.11      0.38     -0.92    
   0.99      0.0045    0.13      0.052    -0.92     -0.38      0.11      0.38     -0.92    
   0.76      0.0045    0.65      0.25     -0.92     -0.29      0.59      0.38     -0.71    
   0.76      0.0045    0.65      0.25     -0.92     -0.29      0.59      0.38     -0.71    
  -0.0045    0.95     -0.32      0.92     -0.12     -0.36     -0.38     -0.3      -0.87    
  -0.0045    0.95     -0.32      0.92     -0.12     -0.36     -0.38     -0.3      -0.87    
  -0.0045    1         0.0075    0.92      0.007    -0.38     -0.38      0.0052   -0.92    
  -0.0045    1         0.0075    0.92      0.007    -0.38     -0.38      0.0052   -0.92    
   1         0.0045    0.0075    0.007    -0.92     -0.38      0.0052    0.38     -0.92    
   1         0.0045    0.0075    0.007    -0.92     -0.38      0.0052    0.38     -0.92    
   0.0045    0.076     1        -0.92     -0.38      0.033     0.38     -0.92      0.069   
   0.0045    0.076     1        -0.92     -0.38      0.033     0.38     -0.92      0.069   
  -0.99     -0.0045   -0.12      0.042     0.92     -0.38      0.11     -0.38     -0.92    
  -0.99     -0.0045   -0.12      0.042     0.92     -0.38      0.11     -0.38     -0.92    
  -0.77     -0.0045   -0.64      0.24      0.92     -0.3       0.59     -0.38     -0.71    
  -0.77     -0.0045   -0.64      0.24      0.92     -0.3       0.59     -0.38     -0.71    
   0.0045   -0.95      0.32     -0.92     -0.13     -0.36      0.38     -0.3      -0.87    
   0.0045   -0.95      0.32     -0.92     -0.13     -0.36      0.38     -0.3      -0.87    
   0.0045   -1        -0.0037   -0.92     -0.0027   -0.38      0.38      0.0052   -0.92    
   0.0045   -1        -0.0037   -0.92     -0.0027   -0.38      0.38      0.0052   -0.92    
  -1        -0.0045   -0.0037   -0.0027    0.92     -0.38      0.0052   -0.38     -0.92    
  -1        -0.0045   -0.0037   -0.0027    0.92     -0.38      0.0052   -0.38     -0.92    
   1         0         0         0         1         0         0         0         1       

SITE_XPOS
  -0.14      0.57      0.28    
  -0.14      0.51      0.13    

SITE_XMAT
   1         0.0045    0.0019    0.0049   -0.92     -0.38      1.1e-06   0.38     -0.92    
  -0.0045    1         0.0019    0.92      0.0049   -0.38     -0.38      1.1e-06  -0.92    

LIGHT_XPOS
   0        -1         2       

LIGHT_XDIR
  -0.059     0.68     -0.73    

SUBTREE_COM
  -0.076     0.16      0.27    
  -0.076     0.16      0.27    
  -0.076     0.16      0.27    
  -0.093     0.19      0.33    
  -0.12      0.24      0.38    
  -0.087     0.48      0.4     
  -0.14      0.56      0.34    
  -0.14      0.59      0.31    
  -0.14      0.56      0.24    
  -0.14      0.56      0.23    
  -0.14      0.56      0.23    
  -0.14      0.55      0.23    
  -0.078     0.54      0.21    
  -0.072     0.54      0.2     
  -0.095     0.53      0.18    
  -0.083     0.53      0.16    
  -0.091     0.52      0.15    
  -0.093     0.52      0.15    
  -0.2       0.54      0.21    
  -0.2       0.54      0.2     
  -0.18      0.53      0.18    
  -0.19      0.52      0.16    
  -0.18      0.52      0.15    
  -0.18      0.52      0.15    
   0         0         0.6     

CDOF
   0         0         1        -0.16     -0.076     0       
  -1        -0.0049    0        -0.00053   0.11     -0.16    
  -1        -0.0049   -8.3e-17   0.0014   -0.29     -0.00042 
  -1        -0.0049   -8.3e-17   0.00067  -0.14      0.36    
  -0.0045    0.92     -0.38     -0.27     -0.024    -0.054   
   0.0019   -0.38     -0.92     -0.38     -0.056     0.022   
  -0.0045    0.92     -0.38     -0.1      -0.011    -0.026   
  -0.0045    0.92     -0.38     -0.1       0.00087   0.0033  
  -0.0045    0.92     -0.38     -0.094    -0.018    -0.042   
  -0.0045    0.92     -0.38     -0.05     -0.0035   -0.008   
   0.0045   -0.92      0.38      0.1       0.035     0.082   
   0.0045   -0.92      0.38      0.1       0.047     0.11    
   0.0045   -0.92      0.38      0.094     0.028     0.066   
   0.0045   -0.92      0.38      0.049     0.042     0.1     

CINERT
   0         0         0         0         0         0         0         0         0         0       
   0         0         0         0         0         0         0        -0        -0         0       
   0.4       0.32      0.13      0.048     0.083    -0.17      0.31     -0.63     -1.1       4       
   0.15      0.075     0.12      0.045     0.031    -0.063     0.28     -0.58     -0.4       3.7     
   0.25      0.22      0.12     -0.041     0.047     0.019    -0.52     -0.67      0.75      8.4     
   0.21      0.12      0.11     -0.028    -0.033    -0.078     0.15      0.41      0.48      2.3     
   0.19      0.03      0.17      0.027     0.01     -0.061    -0.073     0.44      0.17      1.2     
   0.27      0.019     0.26      0.034     0.0073   -0.055    -0.074     0.55      0.12      1.2     
   0.034     0.00094   0.035     0.0049    0.00032  -0.0022   -0.011     0.08      0.0053    0.19    
   0         0         0         0         0         0        -0         0         0         0       
   0.016     0.00039   0.017     0.0024    2.4e-06  -5.1e-06  -0.0058    0.04      3.9e-05   0.096   
   0.12      0.0041    0.13      0.019    -0.0017    0.011    -0.047     0.31     -0.028     0.78    
   0.0014    3e-05     0.0014    4.2e-05  -5.9e-06   0.00019  -0.00011   0.0035   -0.00049   0.009   
   0.0022    7.6e-05   0.0021   -2.5e-05   5e-06     0.00039   6.5e-05   0.0054   -0.001     0.014   
   0.0034    0.00016   0.0032    0.00025  -4.8e-05   0.00067  -0.00065   0.0084   -0.0018    0.022   
   0.0019    0.00014   0.0017    1.6e-05  -5.1e-06   0.00049  -4.3e-05   0.0046   -0.0013    0.013   
   0.00051   5.5e-05   0.00046   1.7e-05  -5.9e-06   0.00016  -4.8e-05   0.0013   -0.00043   0.0035  
   0.00019   2e-05     0.00017   7.9e-06  -2.7e-06   5.8e-05  -2.2e-05   0.00047  -0.00016   0.0013  
   0.0014    0.00014   0.0015    0.00038  -5.4e-05   0.00019  -0.00098   0.0035   -0.00049   0.009   
   0.0021    0.0003    0.0023    0.00068  -0.00013   0.00039  -0.0018    0.0054   -0.001     0.014   
   0.0033    0.00033   0.0034    0.00077  -0.00016   0.00067  -0.002     0.0084   -0.0018    0.022   
   0.0018    0.00031   0.0019    0.00054  -0.00015   0.00049  -0.0015    0.0046   -0.0013    0.013   
   0.00051   9.4e-05   0.0005    0.00014  -4.6e-05   0.00016  -0.00037   0.0013   -0.00043   0.0035  
   0.00019   3.4e-05   0.00018   4.8e-05  -1.7e-05   5.8e-05  -0.00013   0.00047  -0.00016   0.0013  
   0.001     0.001     0.001     0         0         0         0         0         0         0.1     

TEN_LENGTH
   0.0029  

TEN_MOMENT
   0         0         0         0         0         0         0.5       0         0         0         0.5       0         0         0       

TENDON 0: 0 wrap points

ACTUATOR_LENGTH
   0.0049  
  -1.2     
   1.6     
  -1.6     
  -1.6     
   4.2e-07 
   0.0029  

ACTUATOR_MOMENT
   1         0         0         0         0         0         0         0         0         0         0         0         0         0       
   0         1         0         0         0         0         0         0         0         0         0         0         0         0       
   0         0         1         0         0         0         0         0         0         0         0         0         0         0       
   0         0         0         1         0         0         0         0         0         0         0         0         0         0       
   0         0         0         0         1         0         0         0         0         0         0         0         0         0       
   0         0         0         0         0         1         0         0         0         0         0         0         0         0       
   0         0         0         0         0         0         0.5       0         0         0         0.5       0         0         0       

CRB
   0         0         0         0         0         0         0         0         0         0       
   1.7       0.79      1.1       0.11      0.14     -0.4      -5.6e-17   3.3e-16  -4.4e-16   22      
   1.7       0.79      1.1       0.11      0.14     -0.4      -5.6e-17   3.3e-16  -4.4e-16   22      
   1.3       0.47      0.97      0.064     0.06     -0.23     -0.31      0.63      1.1       18      
   1.1       0.39      0.85      0.02      0.029    -0.16     -0.59      1.2       1.5       14      
   0.85      0.18      0.73      0.061    -0.017    -0.18     -0.066     1.9       0.74      5.9     
   0.65      0.056     0.62      0.089     0.015    -0.1      -0.22      1.5       0.26      3.6     
   0.46      0.026     0.46      0.063     0.0053   -0.042    -0.15      1         0.088     2.4     
   0.19      0.0071    0.2       0.029    -0.002     0.013    -0.072     0.48     -0.033     1.2     
   0.16      0.0062    0.16      0.024    -0.0023    0.015    -0.06      0.4      -0.038     1       
   0.16      0.0062    0.16      0.024    -0.0023    0.015    -0.06      0.4      -0.038     1       
   0.14      0.0058    0.15      0.022    -0.0023    0.015    -0.055     0.36     -0.038     0.9     
   0.0036    0.00011   0.0035    1.8e-05  -8.7e-07   0.00058  -4.4e-05   0.0089   -0.0015    0.023   
   0.0022    7.6e-05   0.0021   -2.5e-05   5e-06     0.00039   6.5e-05   0.0054   -0.001     0.014   
   0.0059    0.00038   0.0056    0.00029  -6.2e-05   0.0014   -0.00076   0.015    -0.0037    0.039   
   0.0026    0.00022   0.0023    4.1e-05  -1.4e-05   0.0007   -0.00011   0.0064   -0.0019    0.017   
   0.0007    7.5e-05   0.00063   2.5e-05  -8.6e-06   0.00021  -7e-05     0.0017   -0.00059   0.0048  
   0.00019   2e-05     0.00017   7.9e-06  -2.7e-06   5.8e-05  -2.2e-05   0.00047  -0.00016   0.0013  
   0.0035    0.00043   0.0038    0.0011   -0.00018   0.00058  -0.0027    0.0089   -0.0015    0.023   
   0.0021    0.0003    0.0023    0.00068  -0.00013   0.00039  -0.0018    0.0054   -0.001     0.014   
   0.0059    0.00077   0.006     0.0015   -0.00038   0.0014   -0.004     0.015    -0.0037    0.039   
   0.0025    0.00044   0.0026    0.00073  -0.00022   0.0007   -0.002     0.0064   -0.0019    0.017   
   0.0007    0.00013   0.00068   0.00018  -6.3e-05   0.00021  -0.00051   0.0017   -0.00059   0.0048  
   0.00019   3.4e-05   0.00018   4.8e-05  -1.7e-05   5.8e-05  -0.00013   0.00047  -0.00016   0.0013  
   0.001     0.001     0.001     0         0         0         0         0         0         0.1     

QM
   1.9      -0.32      0.11      0.033     0.09     -0.00062   0.00017   0.00018   0.00079   0.0001   -0.0001   -0.00017  -0.00068  -9.7e-05 
  -0.32      2.4       0.84      0.077    -2.7e-05   1.7e-05   0.00031   2e-05     0.00054   3.3e-05   0.00031   2e-05     0.00054   3.3e-05 
   0.11      0.84      1         0.15     -2.7e-05  -6.4e-06   0.00032   2e-05     0.00054   3.3e-05   0.00032   2e-05     0.00054   3.3e-05 
   0.033     0.077     0.15      0.15     -5.5e-06  -6.5e-06   6.4e-05   4.1e-06   0.00011   6.8e-06   6.4e-05   4.1e-06   0.00011   6.8e-06 
   0.09     -2.7e-05  -2.7e-05  -5.5e-06   0.13      8.7e-07   9.6e-05   6.7e-05   0.00037   5.3e-05  -9.6e-05  -6.7e-05  -0.00037  -5.3e-05 
  -0.00062   1.7e-05  -6.4e-06  -6.5e-06   8.7e-07   0.1      -3e-17     7.8e-20   4.1e-12  -4.7e-19   2e-19     5.1e-20   4.1e-12  -4.2e-19 
   0.00017   0.00031   0.00032   6.4e-05   9.6e-05  -3e-17     0.005     1.1e-05   0         0         0         0         0         0       
   0.00018   2e-05     2e-05     4.1e-06   6.7e-05   7.8e-20   1.1e-05   1.1e-05   0         0         0         0         0         0       
   0.00079   0.00054   0.00054   0.00011   0.00037   4.1e-12   0         0         0.00011   1.9e-05   0         0         0         0       
   0.0001    3.3e-05   3.3e-05   6.8e-06   5.3e-05  -4.7e-19   0         0         1.9e-05   7.5e-06   0         0         0         0       
  -0.0001    0.00031   0.00032   6.4e-05  -9.6e-05   2e-19     0         0         0         0         0.005     1.1e-05   0         0       
  -0.00017   2e-05     2e-05     4.1e-06  -6.7e-05   5.1e-20   0         0         0         0         1.1e-05   1.1e-05   0         0       
  -0.00068   0.00054   0.00054   0.00011  -0.00037   4.1e-12   0         0         0         0         0         0         0.00011   1.9e-05 
  -9.7e-05   3.3e-05   3.3e-05   6.8e-06  -5.3e-05  -4.2e-19   0         0         0         0         0         0         1.9e-05   7.5e-06 

QLD
   1.7      -0.23      0.086     0.21      0.67     -0.0062   -0.0016    16        8.3       14        0.014    -15       -6.8      -13      
  -0.23      1.7       0.87      0.49     -0.00022   0.00017   0.059     1.8       7         4.4       0.059     1.8       7         4.4     
   0.086     0.87      0.87      0.95     -0.00022  -6.3e-05   0.059     1.8       7.1       4.5       0.059     1.8       7.1       4.5     
   0.21      0.49      0.95      0.15     -4.5e-05  -6.4e-05   0.012     0.36      1.4       0.91      0.012     0.36      1.4       0.91    
   0.67     -0.00022  -0.00022  -4.5e-05   0.12      8.7e-06   0.0059    5.9       3.7       7.1      -0.0059   -5.9      -3.7      -7.1     
  -0.0062    0.00017  -6.3e-05  -6.4e-05   8.7e-06   0.1      -6e-15     6.9e-15   6.4e-08  -6.3e-14   3.1e-17   4.6e-15   6.4e-08  -5.6e-14 
  -0.0016    0.059     0.059     0.012     0.0059   -6e-15     0.005     1         0         0         0         0         0         0       
   16        1.8       1.8       0.36      5.9       6.9e-15   1         1.1e-05   0         0         0         0         0         0       
   8.3       7         7.1       1.4       3.7       6.4e-08   0         0         6.4e-05   2.5       0         0         0         0       
   14        4.4       4.5       0.91      7.1      -6.3e-14   0         0         2.5       7.5e-06   0         0         0         0       
   0.014     0.059     0.059     0.012    -0.0059    3.1e-17   0         0         0         0         0.005     1         0         0       
  -15        1.8       1.8       0.36     -5.9       4.6e-15   0         0         0         0         1         1.1e-05   0         0       
  -6.8       7         7.1       1.4      -3.7       6.4e-08   0         0         0         0         0         0         6.4e-05   2.5     
  -13        4.4       4.5       0.91     -7.1      -5.6e-14   0         0         0         0         0         0         2.5       7.5e-06 

QLDIAGINV
   0.59    
   0.58    
   1.1     
   6.5     
   8.1     
   9.9     
   2e+02   
   8.9e+04 
   1.6e+04 
   1.3e+05 
   2e+02   
   8.9e+04 
   1.6e+04 
   1.3e+05 

QLDIAGSQRTINV
   0.77    
   0.76    
   1.1     
   2.6     
   2.8     
   3.2     
   14      
   3e+02   
   1.2e+02 
   3.7e+02 
   14      
   3e+02   
   1.2e+02 
   3.7e+02 

D_rownnz              14 14 14 14 14 14 8 8 8 8 8 8 8 8

D_rowadr              0 14 28 42 56 70 84 92 100 108 116 124 132 140

D_colind              0 1 2 3 4 5 6 7 8 9 10 11 12 13 0 1 2 3 4 5 6 7 8 9 10 11 12 13 0 1 2 3 4 5 6 7 8 9 10 11 12 13 0 1 2 3 4 5 6 7 8 9 10 11 12 13 0 1 2 3 4 5 6 7 8 9 10 11 12 13 0 1 2 3 4 5 6 7 8 9 10 11 12 13 0 1 2 3 4 5 6 7 0 1 2 3 4 5 6 7 0 1 2 3 4 5 8 9 0 1 2 3 4 5 8 9 0 1 2 3 4 5 10 11 0 1 2 3 4 5 10 11 0 1 2 3 4 5 12 13 0 1 2 3 4 5 12 13

B_rownnz              14 14 14 14 14 14 14 14 14 14 14 14 8 8 8 8 8 8 8 8 8 8 8 8 0

B_rowadr              0 14 28 42 56 70 84 98 112 126 140 154 168 176 184 192 200 208 216 224 232 240 248 256 264

B_colind              0 1 2 3 4 5 6 7 8 9 10 11 12 13 0 1 2 3 4 5 6 7 8 9 10 11 12 13 0 1 2 3 4 5 6 7 8 9 10 11 12 13 0 1 2 3 4 5 6 7 8 9 10 11 12 13 0 1 2 3 4 5 6 7 8 9 10 11 12 13 0 1 2 3 4 5 6 7 8 9 10 11 12 13 0 1 2 3 4 5 6 7 8 9 10 11 12 13 0 1 2 3 4 5 6 7 8 9 10 11 12 13 0 1 2 3 4 5 6 7 8 9 10 11 12 13 0 1 2 3 4 5 6 7 8 9 10 11 12 13 0 1 2 3 4 5 6 7 8 9 10 11 12 13 0 1 2 3 4 5 6 7 8 9 10 11 12 13 0 1 2 3 4 5 6 7 0 1 2 3 4 5 6 7 0 1 2 3 4 5 8 9 0 1 2 3 4 5 8 9 0 1 2 3 4 5 8 9 0 1 2 3 4 5 8 9 0 1 2 3 4 5 10 11 0 1 2 3 4 5 10 11 0 1 2 3 4 5 12 13 0 1 2 3 4 5 12 13 0 1 2 3 4 5 12 13 0 1 2 3 4 5 12 13

QDERIV
  -4e+02     0         0         0         0         0         0         0         0         0         0         0         0         0       
   0        -4e+02     0         0         0         0         0         0         0         0         0         0         0         0       
   0         0        -4e+02     0         0         0         0         0         0         0         0         0         0         0       
   0         0         0        -1e+02     0         0         0         0         0         0         0         0         0         0       
   0         0         0         0        -1e+02     0         0         0         0         0         0         0         0         0       
   0         0         0         0         0        -1e+02     0         0         0         0         0         0         0         0       
   0         0         0         0         0         0        -2.6       0         0         0         0         0         0         0       
   0         0         0         0         0         0         0         0         0         0         0         0         0         0       
   0         0         0         0         0         0         0         0        -0.0013    0         0         0         0         0       
   0         0         0         0         0         0         0         0         0         0         0         0         0         0       
   0         0         0         0         0         0         0         0         0         0        -2.6       0         0         0       
   0         0         0         0         0         0         0         0         0         0         0         0         0         0       
   0         0         0         0         0         0         0         0         0         0         0         0        -0.0013    0       
   0         0         0         0         0         0         0         0         0         0         0         0         0         0       

QLU
   0         0         0         0         0         0         0         0         0         0         0         0         0         0       
   0         0         0         0         0         0         0         0         0         0         0         0         0         0       
   0         0         0         0         0         0         0         0         0         0         0         0         0         0       
   0         0         0         0         0         0         0         0         0         0         0         0         0         0       
   0         0         0         0         0         0         0         0         0         0         0         0         0         0       
   0         0         0         0         0         0         0         0         0         0         0         0         0         0       
   0         0         0         0         0         0         0         0         0         0         0         0         0         0       
   0         0         0         0         0         0         0         0         0         0         0         0         0         0       
   0         0         0         0         0         0         0         0         0         0         0         0         0         0       
   0         0         0         0         0         0         0         0         0         0         0         0         0         0       
   0         0         0         0         0         0         0         0         0         0         0         0         0         0       
   0         0         0         0         0         0         0         0         0         0         0         0         0         0       
   0         0         0         0         0         0         0         0         0         0         0         0         0         0       
   0         0         0         0         0         0         0         0         0         0         0         0         0         0       

CONTACT
  0:
     dim           3
     geom          ur5e//unnamed_geom_11  //unnamed_geom_1
     exclude       0
     efc_address   9
     solref         0.02      1       
     solimp         0.9       0.95      0.001     0.5       2       
     dist          -4.1e-05 
     includemargin  0       
     pos           -0.1       0.1       0.5     
     frame          0.77     -0.59      0.24     -0.19      0.14      0.97     -0.61     -0.8       0       
     friction       1         1         0.5       0.5       0.5     
     mu             0.32    

EFC_TYPE
  0
  0
  0
  0
  0
  0
  0
  3
  3
  6
  6
  6
  6

EFC_ID
  0
  0
  0
  1
  1
  1
  2
  7
  11
  0
  0
  0
  0

EFC_J
   1.5e-05   1.7e-07   1.7e-07   1.7e-07  -3.7e-05  -4.4e-07   0.044     0.048    -0.038     0.0066    0         0         0         0       
  -9.7e-05  -3.4e-05  -3.4e-05  -3.4e-05   3.7e-05   9e-05     0.015     0.0025   -0.021    -0.0068    0         0         0         0       
   0         1.4e-05   1.4e-05   1.4e-05   9e-05    -3.7e-05   0.034     0.0054   -0.05     -0.017     0         0         0         0       
   1.4e-05   1.7e-07   1.7e-07   1.7e-07  -3.7e-05   4.4e-07   0         0         0         0        -0.044    -0.048     0.038    -0.0066  
   9.7e-05  -3.4e-05  -3.4e-05  -3.4e-05  -3.7e-05  -9e-05     0         0         0         0         0.014     0.002    -0.021    -0.0069  
   0         1.4e-05   1.4e-05   1.4e-05  -9e-05     3.7e-05   0         0         0         0         0.034     0.0054   -0.05     -0.017   
   0         0         0         0         0         0         1         0         0         0        -1         0         0         0       
   0         0         0         0         0         0         0        -1         0         0         0         0         0         0       
   0         0         0         0         0         0         0         0         0         0         0        -1         0         0       
   0.014     0.27      0         0         0         0         0         0         0         0         0         0         0         0       
   0.023     0.17      0         0         0         0         0         0         0         0         0         0         0         0       
  -0.12      0.49      0         0         0         0         0         0         0         0         0         0         0         0       
   0.16     -0.044     0         0         0         0         0         0         0         0         0         0         0         0       

EFC_POS
  -9.7e-05 
  -1.5e-05 
  -3.4e-05 
   9.7e-05 
  -1.4e-05 
  -3.4e-05 
   8.1e-11 
  -0.0027  
  -0.0027  
  -4.1e-05 
  -4.1e-05 
  -4.1e-05 
  -4.1e-05 

EFC_MARGIN
   0       
   0       
   0       
   0       
   0       
   0       
   0       
   0       
   0       
   0       
   0       
   0       
   0       

EFC_FRICTIONLOSS
   0       
   0       
   0       
   0       
   0       
   0       
   0       
   0       
   0       
   0       
   0       
   0       
   0       

EFC_DIAGAPPROX
   30      
   30      
   30      
   30      
   30      
   30      
   4e+02   
   8.9e+04 
   8.9e+04 
   0.0072  
   0.0072  
   0.0072  
   0.0072  

EFC_KBIP
   4.1e+04   4e+02     0.95      17      
   4.1e+04   4e+02     0.95      17      
   4.1e+04   4e+02     0.95      17      
   4.1e+04   4e+02     0.95      17      
   4.1e+04   4e+02     0.95      17      
   4.1e+04   4e+02     0.95      17      
   4.1e+04   4e+02     0.95      1.3e-05 
   4.1e+04   4e+02     0.99      0       
   4.1e+04   4e+02     0.99      0       
   2.8e+03   1.1e+02   0.9      -8.3     
   2.8e+03   1.1e+02   0.9      -8.3     
   2.8e+03   1.1e+02   0.9      -8.3     
   2.8e+03   1.1e+02   0.9      -8.3     

EFC_D
   0.64    
   0.64    
   0.64    
   0.64    
   0.64    
   0.64    
   0.048   
   0.0011  
   0.0011  
   1.3e+03 
   1.3e+03 
   1.3e+03 
   1.3e+03 

EFC_R
   1.6     
   1.6     
   1.6     
   1.6     
   1.6     
   1.6     
   21      
   9e+02   
   9e+02   
   0.00079 
   0.00079 
   0.00079 
   0.00079 

TEN_VELOCITY
  -2.7e-10 

ACTUATOR_VELOCITY
  -2.5e-05 
   2.2e-06 
  -1e-08   
  -1.1e-08 
   2.3e-10 
   6.9e-13 
  -2.7e-10 

CVEL
   0         0         0         0         0         0       
   0         0         0         0         0         0       
   0         0         0         0         0         0       
   0         0        -2.5e-05   3.9e-06   1.9e-06   0       
  -2.2e-06  -1.1e-08  -2.5e-05   3.9e-06   2.1e-06  -3.4e-07 
  -2.2e-06  -1.1e-08  -2.5e-05   3.9e-06   2.1e-06  -3.4e-07 
  -2.1e-06  -1e-08    -2.5e-05   3.9e-06   2.1e-06  -3.5e-07 
  -2.1e-06  -1e-08    -2.5e-05   3.9e-06   2.1e-06  -3.5e-07 
  -2.1e-06  -1e-08    -2.5e-05   3.9e-06   2.1e-06  -3.5e-07 
  -2.1e-06  -1e-08    -2.5e-05   3.9e-06   2.1e-06  -3.5e-07 
  -2.1e-06  -1e-08    -2.5e-05   3.9e-06   2.1e-06  -3.5e-07 
  -2.1e-06  -1e-08    -2.5e-05   3.9e-06   2.1e-06  -3.5e-07 
  -2.1e-06  -1.1e-08  -2.5e-05   3.9e-06   2.1e-06  -3.5e-07 
  -2.1e-06  -1.1e-08  -2.5e-05   3.9e-06   2.1e-06  -3.5e-07 
  -2.1e-06  -1.1e-08  -2.5e-05   3.9e-06   2.1e-06  -3.5e-07 
  -2.1e-06  -1e-08    -2.5e-05   3.9e-06   2.1e-06  -3.5e-07 
  -2.1e-06  -1e-08    -2.5e-05   3.9e-06   2.1e-06  -3.5e-07 
  -2.1e-06  -1e-08    -2.5e-05   3.9e-06   2.1e-06  -3.5e-07 
  -2.1e-06  -1e-08    -2.5e-05   3.9e-06   2.1e-06  -3.5e-07 
  -2.1e-06  -1e-08    -2.5e-05   3.9e-06   2.1e-06  -3.5e-07 
  -2.1e-06  -9.8e-09  -2.5e-05   3.9e-06   2.1e-06  -3.5e-07 
  -2.1e-06  -1.1e-08  -2.5e-05   3.9e-06   2.1e-06  -3.5e-07 
  -2.1e-06  -1.1e-08  -2.5e-05   3.9e-06   2.1e-06  -3.5e-07 
  -2.1e-06  -1.1e-08  -2.5e-05   3.9e-06   2.1e-06  -3.5e-07 
   0         0         0         0         0         0       

CDOF_DOT
   0         0         0         0         0         0       
  -1.2e-07   2.5e-05   0         2.7e-06   1.3e-08   1.9e-06 
  -1.2e-07   2.5e-05  -3.3e-24  -7e-06     3.1e-07   2.7e-06 
  -1.2e-07   2.5e-05   0        -3.4e-06   1.1e-06   2.4e-06 
   2.3e-05  -7.1e-07  -2e-06    -1.1e-06   7.9e-06   3.6e-06 
  -9.4e-06  -2e-06     8.2e-07  -3.5e-06   1.3e-05  -1.4e-06 
   2.3e-05  -7.1e-07  -2e-06    -7.6e-07   3.9e-06   3.6e-06 
   2.3e-05  -7.1e-07  -2e-06    -4.7e-07   4.1e-06   3.6e-06 
   2.3e-05  -7.1e-07  -2e-06    -9.3e-07   3.7e-06   3.6e-06 
   2.3e-05  -7.1e-07  -2e-06    -5.8e-07   2.7e-06   3.6e-06 
  -2.3e-05   7.1e-07   2e-06     1.3e-06  -3.8e-06  -3.7e-06 
  -2.3e-05   7.1e-07   2e-06     1.6e-06  -3.8e-06  -3.7e-06 
  -2.3e-05   7.1e-07   2e-06     1.2e-06  -3.7e-06  -3.7e-06 
  -2.3e-05   7.1e-07   2e-06     1.5e-06  -2.5e-06  -3.7e-06 

QFRC_BIAS
  -8.1e-11 
  -34      
  -19      
  -1.6     
   0.0005  
  -0.00021 
  -0.0058  
  -0.00037 
  -0.01    
  -0.00061 
  -0.0058  
  -0.00037 
  -0.01    
  -0.00061 

QFRC_PASSIVE
   0       
   0       
   0       
   0       
   0       
   0       
   2.7e-11 
   0       
   0.13    
   0       
   2.7e-11 
   0       
   0.13    
   0       

EFC_VEL
  -3.6e-10 
   2.3e-09 
   3.7e-11 
  -3.5e-10 
  -2.5e-09 
   3e-11   
   8.7e-13 
   3e-10   
   8.8e-14 
   2.4e-07 
  -1.9e-07 
   4.1e-06 
  -4e-06   

EFC_AREF
   3.8     
   0.57    
   1.3     
  -3.8     
   0.53    
   1.3     
  -3.1e-06 
   1.1e+02 
   1.1e+02 
   0.1     
   0.1     
   0.1     
   0.1     

SUBTREE_LINVEL
   0         0         0       
   0         0         0       
   0         0         0       
   0         0         0       
   0         0         0       
   0         0         0       
   0         0         0       
   0         0         0       
   0         0         0       
   0         0         0       
   0         0         0       
   0         0         0       
   0         0         0       
   0         0         0       
   0         0         0       
   0         0         0       
   0         0         0       
   0         0         0       
   0         0         0       
   0         0         0       
   0         0         0       
   0         0         0       
   0         0         0       
   0         0         0       
   0         0         0       

SUBTREE_ANGMOM
   0         0         0       
   0         0         0       
   0         0         0       
   0         0         0       
   0         0         0       
   0         0         0       
   0         0         0       
   0         0         0       
   0         0         0       
   0         0         0       
   0         0         0       
   0         0         0       
   0         0         0       
   0         0         0       
   0         0         0       
   0         0         0       
   0         0         0       
   0         0         0       
   0         0         0       
   0         0         0       
   0         0         0       
   0         0         0       
   0         0         0       
   0         0         0       
   0         0         0       

ACTUATOR_FORCE
  -9.8     
  -1.5e+02 
  -19      
  -1.6     
   0.0005  
  -0.00021 
  -0.29    

QFRC_ACTUATOR
  -9.8     
  -1.5e+02 
  -19      
  -1.6     
   0.0005  
  -0.00021 
  -0.14    
   0       
   0       
   0       
  -0.14    
   0       
   0       
   0       

QFRC_SMOOTH
  -9.8     
  -1.2e+02 
   1.8e-07 
   1.4e-07 
   5e-07   
  -3.3e-09 
  -0.14    
   0.00037 
   0.14    
   0.00061 
  -0.14    
   0.00037 
   0.14    
   0.00061 

QACC_SMOOTH
  -22      
  -72      
   63      
  -23      
   15      
  -0.12    
  -27      
   3.4e+02 
   2.4e+03 
  -5.6e+03 
  -27      
  -1.7e+02 
   2.2e+03 
  -5.4e+03 

EFC_B
  -1.2e+02 
  -12      
  -27      
   1.3e+02 
  -8.4     
  -22      
  -0.51    
  -4.5e+02 
   57      
  -20      
  -13      
  -33      
  -0.37    

EFC_FORCE
   2.4     
   0.36    
   0.85    
  -2.4     
   0.34    
   0.85    
  -1.5e-07 
   0.12    
   0.12    
   1.3e+02 
   1.3e+02 
   1.3e+02 
   1.3e+02 

EFC_STATE
  1
  1
  1
  1
  1
  1
  1
  1
  1
  1
  1
  1
  1

QFRC_CONSTRAINT
   9.8     
   1.2e+02 
  -1.5e-12 
  -1.5e-12 
  -1.4e-10 
  -1.1e-10 
   0.14    
  -0.00037 
  -0.14    
  -0.00061 
   0.14    
  -0.00037 
  -0.14    
  -0.00061 

QFRC_INVERSE
   0       
   0       
   0       
   0       
   0       
   0       
   0       
   0       
   0       
   0       
   0       
   0       
   0       
   0       

CACC
   0         0         0         0         0         0       
   0         0         0         0         0         0       
   0         0         0         0         0         0       
   0         0         0         0         0         0       
   0         0         0         0         0         0       
   0         0         0         0         0         0       
   0         0         0         0         0         0       
   0         0         0         0         0         0       
   0         0         0         0         0         0       
   0         0         0         0         0         0       
   0         0         0         0         0         0       
   0         0         0         0         0         0       
   0         0         0         0         0         0       
   0         0         0         0         0         0       
   0         0         0         0         0         0       
   0         0         0         0         0         0       
   0         0         0         0         0         0       
   0         0         0         0         0         0       
   0         0         0         0         0         0       
   0         0         0         0         0         0       
   0         0         0         0         0         0       
   0         0         0         0         0         0       
   0         0         0         0         0         0       
   0         0         0         0         0         0       
   0         0         0         0         0         0       

CFRC_INT
   0         0         0         0         0         0       
   0         0         0         0         0         0       
   0         0         0         0         0         0       
   0         0         0         0         0         0       
   0         0         0         0         0         0       
   0         0         0         0         0         0       
   0         0         0         0         0         0       
   0         0         0         0         0         0       
   0         0         0         0         0         0       
   0         0         0         0         0         0       
   0         0         0         0         0         0       
   0         0         0         0         0         0       
   0         0         0         0         0         0       
   0         0         0         0         0         0       
   0         0         0         0         0         0       
   0         0         0         0         0         0       
   0         0         0         0         0         0       
   0         0         0         0         0         0       
   0         0         0         0         0         0       
   0         0         0         0         0         0       
   0         0         0         0         0         0       
   0         0         0         0         0         0       
   0         0         0         0         0         0       
   0         0         0         0         0         0       
   0         0         0         0         0         0       

CFRC_EXT
   0         0         0         0         0         0       
   0         0         0         0         0         0       
   0         0         0         0         0         0       
   0         0         0         0         0         0       
   0         0         0         0         0         0       
   0         0         0         0         0         0       
   0         0         0         0         0         0       
   0         0         0         0         0         0       
   0         0         0         0         0         0       
   0         0         0         0         0         0       
   0         0         0         0         0         0       
   0         0         0         0         0         0       
   0         0         0         0         0         0       
   0         0         0         0         0         0       
   0         0         0         0         0         0       
   0         0         0         0         0         0       
   0         0         0         0         0         0       
   0         0         0         0         0         0       
   0         0         0         0         0         0       
   0         0         0         0         0         0       
   0         0         0         0         0         0       
   0         0         0         0         0         0       
   0         0         0         0         0         0       
   0         0         0         0         0         0       
   0         0         0         0         0         0       

